8.414342409678207,9.618476405859392,10.220543403949982,12.636109178107388,13.427918502868954,16.06971551267252,27.85928200255556,34.19010770975057,37.426673935849685,47.023256996323965,57.63788061720597,71.04390577468982,72.64211998780301,77.60826049932602,80.03112405527845,81.39216036005296,84.02665958806148,88.71913328227058,94.41505197329732,94.8200788629219,98.22084517940937
1.6201075584983193,6.436643543223052,8.21000451941716,10.840854856528168,17.116947200260398,19.740499755576366,23.144914962961348,27.249917222669932,29.493985124643952,30.428101194408754,30.833128084033326,32.62838240561255,33.74494302025328,35.21909494285085,36.850149174041725,39.0066436944753,39.41896836589492,39.65614627423364,42.21036990249675,42.63729013750645,45.42869167410828,45.830069672835336,49.92412525985136,51.21218374667548,55.0727103162503,58.44428550555761,60.83795793432991,65.36623153815066,69.230406998623,69.90910070556149,74.23303641912119,74.5869788361805,76.79455782917934,83.2312013724024,84.63237547704959,87.02604790582188,87.39458588647128,89.56932486139245,91.81704165426399,97.7027026719617,99.21699239443198,99.51985033892605,100.81520660754519,101.1873934790921
3.2037262080214512,6.640981433484102,8.023911083643704,11.58887749051951,12.209188943097695,27.607508530626767,32.11753767995992,35.81751305004392,38.35714111471697,38.74757244075147,46.41754110733586,52.69363345106808,53.55842059378002,56.346173239484344,57.20731149129876,59.006214703775505,59.44043272058023,61.46921605960065,63.15865254515182,63.62571058003422,64.04533303324888,67.63584167640731,68.2196642200103,70.47832768557441,72.02545742612236,77.22512695508655,80.64413772606162,82.43209426584579,92.79129552390148,93.2218646498087,96.02786175000061
7.027763868621088,11.026948292301624,11.804162053473114,75.84219730492696
0.01459556359007495,7.4218440855531105,8.64057364532437,11.406432945643573,20.152824426995984,23.56818630707352,25.92536982687063,32.11753767995992,37.433971717644724,40.42606225361009,53.12420257697529,53.98534082878972,55.90830633178209,56.78768903808411,59.82721515571721,60.25413539072691,61.46921605960065,62.24278092987462,62.77187011001484,64.65834670403203,67.24541035037281,67.93140183910633,70.47832768557441,72.03275520791739,73.64556498462068,73.93382736552465,78.73576778665932,80.0384218370735,81.38851146915543,95.19956351626385,95.60094151499092,97.23929352797683
4.809238202929696,7.651724212096792,8.8412626446879,10.618272511779525,12.424473506051301,13.745372010953083,19.258846157103893,22.502710164998053,25.71738304571206,28.848131435783138,29.2312649800226,31.052061537884452,32.62838240561255,33.75224080204832,35.22274383374837,36.857446955836764,40.64499570746121,41.10110706965106,41.41491168683767,43.85966858817522,44.224557677927095,48.63241788212973,52.0149397441296,54.42685662738948,58.436987723762584,60.84160682522743,66.23466757176011,68.83997567258851,69.55880717939968,78.20667860651909,84.02665958806148,86.365598653371,86.80711445197076,91.02158343860489,93.42620254006974,93.82028275700178,97.70635156285923,100.81885549844272,101.1873934790921
9.04195164405143,9.614827514961872,10.224192294847501,12.85869152285603,16.773951455893634,26.147952171619274,34.19010770975057,35.813864159146405,49.60667175176723,57.63788061720597,71.02931021109974,72.64576887870054,75.21823696145125,75.48460599697012,79.21742138513179,80.64413772606162,82.43939204764084,83.2348502632999,84.62507769525456,87.85434613955864,-90.22977411384333,98.22449407030689
5,14.351087899941193,6,15.635497495867789
0,14.354736790838713,1,15.639146386765308
2,17.551165217065126,1,18.828277031196684
5,17.562111889757684,4,18.8319259220942
5,20.784082552266728,4,22.064843257295806
1,20.787731443164247,2,22.061194366398286
4,24.006053214775772,5,25.275867247112295
2,24.013350996570807,1,25.272218356214776
4,38.35714111471697,6,39.999142018600395
1,39.99549312770288,0,41.62654735889375
4,41.60100512261113,6,43.264899371879665
2,43.23935713559704,0,44.819326894222655
4,44.81567800332513,6,47.78587519390538
2,47.778577412110344,0,49.61396953356227
4,50.25617433152557,4,50.767019057178196
1,86.36194976247347,1,86.81806112466332
5,87.0296967967194,5,87.39458588647128
3,96.03151064089813,4,96.63357763898871
3,96.64087542078376,2,97.24294241887435
1,99.81176161072754,0,100.28611742740497
4,101.52674033256135,4,102.32219854822043
1,101.5376870052539,1,102.31125187552787