26.202685535082054,34.28132998218853,46.625527888494425,49.61396953356227,51.21218374667548,76.80185561097439,87.86529281225118,94.41505197329732
3.2110239898164887,13.497247429921808,16.073364403570036,22.48811460140798,28.724069145267496,35.97441535863723,45.012718111791145,52.64984676029786,57.630582835410934,64.05992859683896,81.45054261441327,83.22025469970984,97.30862245502969,100.84804662562286
9.611178624064355,23.29816838065714,32.774338041513296,55.069061425352785,59.042703612750685,61.44002493242049,70.45278544929178,86.42762979862881,89.59121820677755
73.69300056628842,84.63967325884464,-102.24922073027007
6.429345761428015,19.714957519293737,32.143079916242556,35.35775279695656,51.85073965374126,58.436987723762584,62.36684322039025,86.42398090773129,91.06901902027263,96.02056396820556
0.0036488908975187374,12.855042631958511,16.70097363794326,19.258846157103893,25.637107445966645,33.755889692945836,36.850149174041725,48.209146538017556,55.82438184113916,60.6409178258639,67.25635702306536,78.20667860651909,83.22025469970984,92.84237999646676
29.577909615286888,49.62856509715235,54.42685662738948,80.02747516438095,87.86164392135366,99.24253463071462
4,14.354736790838713,4,15.642795277662827
2,17.350476217701598,2,18.63853470452571
3,20.784082552266728,3,22.068492148193325
3,23.991457651185698,3,25.2576227926247
5,27.005441532536175,4,28.059971001919088
1,30.409856739921157,2,31.489928445586703
0,38.35714111471697,0,41.35288054157985
6,41.58276066812353,6,44.7901357670425