81.86036179510502,84.33654407766576,108.23199579731812
3.2371839296834293,20.734367954681204,30.721051108460465,39.4842777680194,45.59570638029698,48.22994285110628,48.70995927467598,49.16070640412557,52.93059148679488,60.72793144039041,70.59168355886523,75.73137160635538,80.74227475971708
25.739417249218874,41.351658732881994,86.99419598377114,90.10844887815014,90.41870339582323,101.98007457326405,105.53922073826863
9.172996777240387,56.67120727534408,72.92737322964948,73.54202840617165,91.03921243116943,93.5505178666743,96.05011558453111,98.55556716121195,105.10603518529109,113.23119123303178
1.3463875295247536,18.22891637800036,35.7436619794702,43.24245513304067,43.704909980138304,44.16151096841191,46.836724450989365,54.17160955748726,65.73298073492808,86.0458708542798,90.10844887815014,90.41870339582323,102.45423713800972,105.54507459709264
23.239819531362052,50.723686710139084,62.612873981725066,70.59753741768925,76.66798901819868,80.73642090089304,83.24187247757389
5.736781647540254,28.2390149670757,110.73159351517495
1,10.735977083253905,2,15.419064142470438
3,58.21662600488554,3,59.15324341672884
0,67.9164700762878,1,68.84723362930707
1,102.9283997027554,2,104.44454913817675